1012432386;Julian Martines;1300000;1;2;4;5;7;-1;1000;-1;
1012432395;Andres Dias;1300000;1;2;4;-1;100000;200000;30000;15000;50000;200000;600000;-1;
1012432366;Cristian cortes;-1300000;1;2;4;5;7;3;3;-1;10000;-1;
1012432391;Antonio Martines;2082422;1;4;3;5;1;2;3;-1;15000;20000;35000;-1;
1012432371;Jose  Obando;1376258;1;2;3;7;3;1;-1;20000;-1;
1012432395;Manuel Oria;1911350;2;3;4;5;6;7;-1;10;-1;
1012432396;Francisco Santander;1592048;3;4;5;6;-1;100000;200000;30000;15000;50000;200000;500000;-1;
1012432375;David Oriz;1271609;4;1;2;3;4;5;-1;100;-1;
1012432378;David Rodriguez;2421145;5;2;3;4;5;-1;25000;30000;-1;
1012432378;Miguel Angel Ibarguen;1463830;6;4;5;6;7;1;-1;3000;-1;
1012432397;Jesus Veles;1354343;7;1;2;7;4;5;-1;2000;-1;
1012432380;Oscar De Leon;1723613;1;0;1;2;3;4;-1;100;-1;
1012432393;Jorje Pinilla;1411667;2;2;1;2;3;4;-1;100;-1;
1012432375;Gustavo Viriviescas;1379783;3;4;-1;100000;130000;160000;190000;220000;250000;280000;310000;340000;370000;-1;
1012432368;Ivan Suarez Cuatin;1522358;4;6;-1;55000;59000;63000;67000;71000;75000;79000;83000;87000;91000;95000;-1;
1012432365;Oscar Moncada;1677549;5;1;-1;30000;41000;52000;63000;74000;85000;96000;107000;118000;129000;140000;-1;
1012432399;Gustavo Petro;1826519;6;4;-1;17300;20400;23500;26600;29700;32800;35900;39000;42100;45200;-1;
1012432386;Oscar Chart;1867586;7;2;-1;100;10000;19900;29800;39700;49600;59500;69400;79300;89200;99100;-1;
1012432378;Cristian Ovalle;2487962;2;5;-1;10;-1;
1012432373;German Toledo;2060436;3;7;-1;100;-1;